191
191







































a
a
a
201
201
201
201































































a
a
a
201
201
201
201
201
201












201
201












201
201











201
201









201
201
201
201
201
201



201
201



201
201
40
40
170
170
40
40
170
170
201
201
201
201
201
201
201
201
201
201
187
187
201
201
201
201
201
201
201
201
201
201
201
201
40
40
170
170
40
40
170
170
40
40
170
170
201
201
201
201
40
40
170
170
201
201



201
201
77
77
77
77
77
77
77
77
77
